f = 10^(-15);
n = 10^(-9);
u = 10^(-6);
m = 10^(-3);
c = 299792458;
T = 10^(12);